Kandilli Observatory

                            FLARE INDEX OF SOLAR ACTIVITY

                                 SOUTH HEMISPHERE

2021

-----------------------------------------------------------------------------------------------------
Day	Jan 	Feb	Mar	Apr	May	Jun	Jul	Aug	Sep	Oct	Nov	Dec
=====================================================================================================
1	0.00	0.00	0.00	0.00	0.00	0.00	0.33	0.00	0.54	0.88	3.35	0.00
2	0.00	0.00	0.29	0.00	0.00	0.00	0.00	0.00	0.00	0.00	0.00	0.00
3	0.00	0.00	0.00	0.00	0.00	0.00	0.63	0.00	0.58	0.81	0.00	0.33
4	0.00	0.00	0.00	0.00	0.00	0.25	0.44	0.00	0.27	0.00	0.00	0.56
5	0.00	0.00	0.00	0.00	0.00	0.00	0.33	0.00	1.67	0.00	0.00	0.00

6	0.00	0.00	0.00	0.00	0.00	0.00	0.00	0.00	0.25	0.00	0.63	7.81
7	0.00	0.00	0.38	0.00	0.00	0.00	0.00	0.00	0.98	0.00	0.00	0.00
8	0.00	0.00	0.00	0.00	0.00	0.00	0.00	0.00	4.60	0.00	0.00	0.00
9	0.00	0.00	0.00	0.00	0.00	0.00	0.00	0.00	1.00	0.50	0.00	0.00
10	0.00	0.00	0.00	0.00	0.25	0.00	0.00	0.00	1.79	0.00	0.00	0.00

11	0.00	0.00	0.00	0.00	0.00	0.00	0.25	0.00	0.23	0.00	0.00	0.00
12	0.00	0.00	0.00	0.79	0.00	0.00	0.00	0.00	0.27	0.00	0.00	0.27
13	0.00	0.00	0.00	0.00	0.00	0.00	0.00	0.00	0.00	0.00	0.29	0.00
14	0.00	0.00	0.00	0.00	1.10	0.00	0.00	0.00	0.27	0.00	0.00	1.65
15	0.00	0.00	0.00	0.00	0.00	0.00	0.00	0.00	0.00	0.00	0.00	1.56

16	0.00	0.00	0.00	0.00	0.00	0.00	0.90	0.00	0.00	0.00	0.00	0.17
17	0.00	0.00	0.00	0.00	0.00	0.00	0.00	0.00	0.00	0.00	0.00	1.10
18	0.00	0.00	0.00	1.52	0.00	0.00	0.25	0.00	0.00	0.00	0.00	0.00
19	0.00	0.00	0.00	1.15	0.00	0.00	0.00	0.00	0.00	0.00	0.00	0.92
20	0.96	0.00	0.00	0.25	0.00	0.00	0.00	0.00	0.00	0.00	0.00	3.19

21	0.94	0.00	0.00	0.00	0.00	0.00	1.17	0.00	0.00	0.00	0.00	5.02
22	0.00	0.00	0.00	2.10	0.00	0.00	0.00	0.00	0.33	0.00	0.00	4.02
23	0.92	0.00	0.00	1.52	0.00	0.00	0.35	0.00	3.83	0.38	0.00	3.23
24	0.00	0.00	0.00	0.27	0.00	0.00	0.00	0.00	0.17	0.00	0.00	5.15
25	0.00	0.00	0.00	0.96	0.00	0.00	0.00	0.00	1.94	0.25	0.00	1.69

26	0.00	0.96	0.00	1.08	0.00	0.27	0.00	0.96	0.17	0.00	0.00	0.00
27	0.00	0.00	0.00	0.00	0.00	0.00	0.00	5.73	0.00	15.15	0.00	0.21
28	0.00	0.00	0.00	0.00	0.00	1.58	0.00	5.83	1.15	7.56	0.00	0.19
29	0.00		0.00	0.00	0.00	0.04	0.00	3.67	3.40	1.23	0.00	0.00
30	0.00		0.00	0.00	0.00	0.98	0.00	3.08	4.27	0.00	0.00	0.00
31	0.00		0.00		0.00		0.00	1.13		1.06		0.17
----------------------------------------------------------------------------------------------------
Mean	0.09	0.03	0.02	0.32	0.04	0.10	0.15	0.66	0.92	0.90	0.14	1.20
----------------------------------------------------------------------------------------------------
Yearly Mean =	0.38
