Kandilli Observatory

                            FLARE INDEX OF SOLAR ACTIVITY

                                 NORTH HEMISPHERE

2017

____________________________________________________________________________________________________
Day	Jan	Feb	Mar	Apr	May	Jun	Jul	Aug	Sep	Oct	Nov	Dec
====================================================================================================
1	0.00	0.00	0.29	2.58	0.44	1.98	0.00	0.00	1.35	0.00	0.00	0.00
2	0.00	0.00	0.00	14.17	0.00	2.77	0.00	0.00	2.90	0.00	0.00	0.00
3	0.00	0.00	0.00	8.04	0.00	0.06	0.23	0.00	2.79	0.00	0.00	0.00
4	0.00	0.00	0.00	1.56	0.00	0.00	0.00	0.00	1.38	0.00	0.00	0.00
5	0.00	0.00	0.00	0.00	2.35	7.88	0.00	0.00	0.00	0.00	0.00	0.00

6	0.00	0.00	0.00	0.00	0.21	0.23	0.00	0.00	0.00	0.17	0.00	0.00
7	0.00	0.00	0.00	0.00	0.00	1.29	0.00	0.00	0.00	0.00	0.00	0.00
8	0.00	0.42	0.00	0.00	0.00	0.65	0.00	0.00	0.21	0.00	0.00	0.00
9	0.00	0.19	0.00	0.00	0.00	0.00	0.00	0.00	0.19	0.00	0.00	0.00
10	0.63	0.00	0.00	0.48	0.00	0.00	0.00	0.00	0.00	0.00	0.00	0.00

11	0.00	0.00	0.00	0.00	0.00	0.00	0.00	0.00	0.00	0.00	0.00	0.00
12	0.00	0.00	0.00	0.06	0.00	0.00	0.00	0.00	1.60	0.00	0.00	0.00
13	0.00	0.00	0.00	0.13	0.00	0.00	0.69	0.00	0.17	0.00	0.00	0.00
14	0.00	0.00	0.00	0.00	0.00	0.00	0.81	12.63	0.00	0.00	0.00	0.00
15	0.00	0.00	0.00	0.00	0.00	0.19	0.00	8.33	0.00	0.00	0.00	0.00

16	0.00	0.00	0.00	0.00	0.00	0.00	0.00	2.65	0.00	0.00	0.00	0.00
17	0.00	0.00	0.00	0.00	0.00	0.00	0.00	2.60	0.00	0.00	0.00	0.00
18	0.00	0.00	0.00	1.98	0.00	0.44	0.00	0.92	0.00	0.00	0.00	0.00
19	0.00	0.00	0.00	0.00	0.00	0.00	0.00	2.98	0.00	0.00	0.00	0.00
20	1.96	0.17	0.00	0.67	0.00	0.00	0.00	1.56	0.00	0.00	0.00	0.00

21	5.29	0.54	0.00	1.10	0.00	0.00	0.00	7.23	0.00	0.00	0.00	0.00
22	0.00	1.69	0.00	0.60	0.00	0.00	0.00	2.94	0.00	0.00	0.00	0.00
23	0.00	1.63	0.00	0.00	0.00	0.00	0.00	5.67	0.00	0.00	0.00	0.15
24	2.85	0.38	0.00	0.00	0.00	0.00	0.00	2.13	0.00	0.00	0.00	0.00
25	2.52	0.00	0.31	0.00	0.00	0.00	0.00	2.17	0.00	0.00	0.00	0.00

26	0.40	0.29	1.96	0.00	0.35	0.00	0.10	1.69	0.17	0.00	0.00	0.00
27	0.00	0.23	1.58	0.00	3.65	0.25	0.00	0.48	0.00	0.00	0.00	0.00
28	0.00	1.19	1.13	0.00	1.77	0.00	0.00	0.00	0.00	0.00	0.00	0.00
29	0.00		0.65	0.00	0.00	0.00	0.00	5.35	0.00	0.00	0.00	0.00
30	0.00		0.00	0.00	0.00	0.00	0.00	4.50	0.00	0.00	0.00	0.00
31	0.00		0.17		1.31		0.00	0.90		0.00		0.00
----------------------------------------------------------------------------------------------------
Mean	0.44	0.24	0.20	1.05	0.33	0.52	0.06	2.09	0.36	0.01	0.00	0.00
----------------------------------------------------------------------------------------------------
Yearly Mean =	0.44
