Kandilli Observatory

                            FLARE INDEX OF SOLAR ACTIVITY

                                 NORTH HEMISPHERE

2021

-----------------------------------------------------------------------------------------------------
Day	Jan 	Feb	Mar	Apr	May	Jun	Jul	Aug	Sep	Oct	Nov	Dec
=====================================================================================================
1	0.00	0.00	0.00	0.00	0.00	0.17	0.00	0.00	0.00	0.00	0.27	0.00
2	0.00	0.00	0.00	0.00	0.00	0.00	0.00	0.00	0.00	0.00	7.04	0.00
3	0.00	0.00	0.00	0.00	0.00	0.00	2.60	0.00	0.00	0.00	0.13	0.00
4	0.00	0.00	0.00	0.00	0.00	0.33	1.29	0.00	0.00	0.33	0.00	0.00
5	0.00	0.00	0.00	0.00	0.00	0.00	0.65	0.00	0.00	0.00	0.00	0.00

6	0.00	0.00	0.00	0.00	0.00	0.00	0.00	0.21	0.00	0.00	0.00	0.00
7	0.00	0.00	0.00	0.00	2.15	0.63	0.00	0.00	1.06	0.40	0.00	0.00
8	0.00	0.00	0.00	0.00	2.04	0.00	0.00	2.08	0.00	0.65	1.04	0.00
9	0.00	0.00	0.00	0.00	2.73	0.00	0.00	1.31	0.00	3.63	0.71	0.00
10	0.00	0.00	0.00	0.00	0.00	0.00	0.00	0.00	0.00	0.00	0.00	0.00

11	0.00	0.00	0.00	0.00	0.00	0.00	0.00	0.00	0.00	0.25	0.00	0.00
12	0.00	0.00	0.00	0.00	1.19	0.00	0.00	0.00	0.00	1.42	0.00	0.00
13	0.00	0.00	0.00	0.00	0.77	0.00	0.00	0.00	0.00	1.83	0.00	0.00
14	0.00	0.00	0.00	0.00	0.00	0.00	0.00	0.00	0.00	0.08	0.00	0.00
15	0.00	0.00	0.00	0.00	0.00	0.00	0.00	0.00	0.00	0.00	0.00	0.00

16	0.00	0.00	0.00	0.00	0.00	0.00	0.00	0.00	0.00	0.00	0.00	2.79
17	0.00	0.00	0.00	0.00	0.60	0.00	0.60	0.00	0.00	0.00	0.25	2.04
18	0.00	0.00	0.00	0.00	0.56	0.00	0.00	0.00	0.00	0.00	0.00	0.00
19	0.00	0.00	0.00	1.10	0.00	0.00	0.56	0.00	0.00	0.00	0.00	0.00
20	0.00	0.00	0.00	6.69	0.04	0.00	0.00	0.00	0.00	0.00	0.00	0.00

21	0.00	0.00	0.00	1.04	1.15	0.00	0.00	0.06	1.27	0.00	0.00	0.00
22	0.00	0.75	0.19	0.56	6.00	0.00	0.00	0.71	0.31	0.00	0.00	0.02
23	0.00	0.25	0.00	0.00	7.75	0.00	0.00	0.00	0.00	0.00	0.00	0.00
24	0.00	0.65	0.00	0.00	0.69	0.00	0.00	1.50	0.00	0.00	0.00	0.13
25	0.00	0.31	0.44	0.00	0.58	1.48	0.00	0.00	0.00	0.00	0.00	1.06

26	0.00	0.19	0.00	0.00	10.50	0.00	0.00	2.94	0.00	0.00	0.00	0.00
27	0.00	0.29	0.00	0.00	1.46	0.00	0.29	0.00	0.00	0.40	0.00	0.00
28	0.38	0.23	0.00	0.00	4.71	0.00	0.63	0.00	0.83	1.31	0.00	2.15
29	0.00		0.00	0.00	1.02	0.96	0.00	0.00	0.06	3.31	0.00	0.58
30	0.00		0.67	0.00	0.23	0.00	0.00	0.00	0.00	2.44	0.00	1.19
31	0.00		0.00		0.48		0.00	0.00		0.77		0.56
-----------------------------------------------------------------------------------------------------
Mean	0.01	0.10	0.04	0.31	1.44	0.12	0.21	0.28	0.12	0.54	0.31	0.34
-----------------------------------------------------------------------------------------------------
Yearly Mean =	0.32
