Kandilli Observatory

                            FLARE INDEX OF SOLAR ACTIVITY

                                 TOTAL HEMISPHERE

2021

-----------------------------------------------------------------------------------------------------
Day	Jan 	Feb	Mar	Apr	May	Jun	Jul	Aug	Sep	Oct	Nov	Dec
=====================================================================================================
1	0.00	0.00	0.00	0.00	0.00	0.17	0.33	0.00	0.54	0.88	3.63	0.00
2	0.00	0.00	0.29	0.00	0.00	0.00	0.00	0.00	0.00	0.00	7.04	0.00
3	0.00	0.00	0.00	0.00	0.00	0.00	3.23	0.00	0.58	0.81	0.13	0.33
4	0.00	0.00	0.00	0.00	0.00	0.58	1.73	0.00	0.27	0.33	0.00	0.56
5	0.00	0.00	0.00	0.00	0.00	0.00	0.98	0.00	1.67	0.00	0.00	0.00

6	0.00	0.00	0.00	0.00	0.00	0.00	0.00	0.21	0.25	0.00	0.63	7.81
7	0.00	0.00	0.38	0.00	2.15	0.63	0.00	0.00	2.04	0.40	0.00	0.00
8	0.00	0.00	0.00	0.00	2.04	0.00	0.00	2.08	4.60	0.65	1.04	0.00
9	0.00	0.00	0.00	0.00	2.73	0.00	0.00	1.31	1.00	4.13	0.71	0.00
10	0.00	0.00	0.00	0.00	0.25	0.00	0.00	0.00	1.79	0.00	0.00	0.00

11	0.00	0.00	0.00	0.00	0.00	0.00	0.25	0.00	0.23	0.25	0.00	0.00
12	0.00	0.00	0.00	0.79	1.19	0.00	0.00	0.00	0.27	1.42	0.00	0.27
13	0.00	0.00	0.00	0.00	0.77	0.00	0.00	0.00	0.00	1.83	0.29	0.00
14	0.00	0.00	0.00	0.00	1.10	0.00	0.00	0.00	0.27	0.08	0.00	1.65
15	0.00	0.00	0.00	0.00	0.00	0.00	0.00	0.00	0.00	0.00	0.00	1.56

16	0.00	0.00	0.00	0.00	0.00	0.00	0.90	0.00	0.00	0.00	0.00	2.96
17	0.00	0.00	0.00	0.00	0.60	0.00	0.60	0.00	0.00	0.00	0.25	3.15
18	0.00	0.00	0.00	1.52	0.56	0.00	0.25	0.00	0.00	0.00	0.00	0.00
19	0.00	0.00	0.00	2.25	0.00	0.00	0.56	0.00	0.00	0.00	0.00	0.92
20	0.96	0.00	0.00	6.94	0.04	0.00	0.00	0.00	0.00	0.00	0.00	3.19

21	0.94	0.00	0.00	1.04	1.15	0.00	1.17	0.06	1.27	0.00	0.00	5.02
22	0.00	0.75	0.19	2.67	6.00	0.00	0.00	0.71	0.65	0.00	0.00	4.04
23	0.92	0.25	0.00	1.52	7.75	0.00	0.35	0.00	3.83	0.38	0.00	3.23
24	0.00	0.65	0.00	0.27	0.69	0.00	0.00	1.50	0.17	0.00	0.00	5.27
25	0.00	0.31	0.44	0.96	0.58	1.48	0.00	0.00	1.94	0.25	0.00	2.75

26	0.00	1.15	0.00	1.08	10.50	0.27	0.00	3.90	0.17	0.00	0.00	0.00
27	0.00	0.29	0.00	0.00	1.46	0.00	0.29	5.73	0.00	15.54	0.00	0.21
28	0.38	0.23	0.00	0.00	4.71	1.58	0.63	5.83	1.98	8.88	0.00	2.33
29	0.00		0.00	0.00	1.02	1.00	0.00	3.67	3.46	4.54	0.00	0.58
30	0.00		0.67	0.00	0.23	0.98	0.00	3.08	4.27	2.44	0.00	1.19
31	0.00		0.00		0.48		0.00	1.13		1.83		0.73
------------------------------------------------------------------------------------------------------
Mean	0.10	0.13	0.06	0.63	1.48	0.22	0.36	0.94	1.04	1.44	0.46	1.54
------------------------------------------------------------------------------------------------------
Yearly Mean =	0.70
