Kandilli Observatory

                            FLARE INDEX OF SOLAR ACTIVITY

                                 SOUTHERN HEMISPHERE

2016

-----------------------------------------------------------------------------------------------------
Day	Jan 	Feb	Mar	Apr	May	Jun	Jul	Aug	Sep	Oct	Nov	Dec
=====================================================================================================
1	0.63	0.00	0.00	0.00	0.00	0.00	0.00	0.00	0.00	0.00	0.00	0.00
2	0.08	0.00	0.00	0.00	0.00	0.00	0.00	0.00	0.15	0.00	0.00	0.00
3	0.15	0.77	0.00	0.00	0.00	0.00	0.00	0.00	0.00	0.04	0.00	0.00
4	0.00	2.75	0.00	0.04	0.67	0.00	0.00	0.00	0.00	0.00	0.00	1.44
5	0.00	0.31	0.42	0.00	0.00	0.00	0.00	0.00	0.00	0.19	0.00	0.54

6	0.00	1.42	0.00	0.00	0.00	0.00	0.00	0.00	0.00	0.44	0.00	0.00
7	0.00	3.23	0.00	0.00	0.00	0.00	0.54	0.00	0.00	0.00	0.00	0.00
8	0.00	0.23	0.10	0.00	0.00	0.00	0.19	0.00	0.00	0.00	0.00	0.00
9	0.00	0.69	0.00	0.00	0.67	0.00	0.00	0.00	0.00	0.00	0.00	0.00
10	0.00	0.00	0.00	0.00	0.40	0.17	0.00	0.00	0.00	0.00	0.00	0.00

11	0.00	0.00	0.00	0.00	0.00	0.00	0.00	0.00	0.00	0.00	0.00	0.00
12	0.00	0.00	0.00	0.00	0.00	0.00	0.04	0.00	0.00	0.27	0.00	0.00
13	0.00	0.00	0.00	0.00	0.06	0.00	0.33	0.00	0.00	0.00	0.00	0.00
14	0.00	0.00	0.00	0.00	1.83	0.00	0.00	0.00	0.00	0.00	0.00	0.00
15	0.00	0.17	0.00	0.00	0.67	0.00	0.00	0.00	0.00	0.00	0.00	0.00

16	0.00	0.00	0.00	0.00	0.60	1.35	0.00	0.00	0.00	0.00	0.00	0.00
17	0.00	0.00	0.00	0.00	0.00	0.10	0.00	0.21	0.00	0.00	0.00	0.00
18	0.00	0.00	0.00	0.00	0.00	0.00	0.00	0.00	0.00	0.00	0.00	0.00
19	0.00	0.00	0.00	0.00	0.00	0.00	0.00	0.00	0.00	0.00	0.00	0.00
20	0.77	0.00	0.00	0.00	0.44	0.00	0.00	0.00	0.00	0.00	0.00	0.00

21	0.00	0.00	0.00	0.00	0.77	0.00	0.00	0.00	0.00	0.00	0.00	0.00
22	0.00	0.33	0.00	0.00	0.33	0.00	0.00	0.00	0.00	0.00	0.00	0.00
23	0.00	0.00	0.00	0.00	0.23	0.00	0.00	0.00	0.00	0.00	0.06	0.00
24	0.00	0.63	0.00	0.00	0.96	0.00	0.00	0.00	0.44	0.00	0.00	0.00
25	0.96	0.15	0.15	0.00	0.15	0.00	0.00	0.00	1.13	0.00	0.00	0.00

26	0.29	0.48	0.10	0.00	0.00	0.00	0.00	0.00	0.75	0.00	0.00	0.00
27	0.35	0.83	0.42	0.65	0.00	0.00	0.00	0.00	2.79	0.00	0.00	0.00
28	0.00	0.00	0.38	0.63	0.56	0.00	0.00	0.00	0.60	0.00	0.00	0.00
29	0.00	0.46	0.00	0.42	0.00	0.00	0.00	0.00	0.00	0.00	3.06	0.00
30	0.00		0.00	0.00	0.00	0.00	0.44	0.00	0.00	0.00	1.71	0.00
31	0.00		0.00		0.00		0.00	0.00		0.00		0.00
-----------------------------------------------------------------------------------------------------
Mean	0.10	0.43	0.05	0.06	0.27	0.05	0.05	0.01	0.20	0.03	0.16	0.06
-----------------------------------------------------------------------------------------------------
Yearly Mean =	0.12
