Kandilli Observatory

                            FLARE INDEX OF SOLAR ACTIVITY

                                 SOUTHERN HEMISPHERE

2015

-----------------------------------------------------------------------------------------------------
Day	Jan 	Feb	Mar	Apr	May	Jun	Jul	Aug	Sep	Oct	Nov	Dec
=====================================================================================================
1	1.35	9.65	0.00	0.00	0.25	0.00	0.00	0.25	0.00	8.75	0.00	0.00
2	1.21	3.10	0.00	0.23	2.69	0.40	0.00	0.00	0.00	4.15	0.00	0.00
3	6.08	2.83	0.23	0.00	4.52	0.17	3.63	0.00	0.00	0.00	0.00	0.00
4	15.73	1.17	3.35	0.00	6.67	0.23	0.46	0.52	0.00	0.00	0.00	0.73
5	15.23	0.15	0.00	0.00	9.17	0.00	0.56	4.46	0.00	0.00	0.00	0.96

6	3.35	0.75	0.21	2.02	2.33	0.17	0.00	2.85	0.00	0.00	2.33	1.04
7	1.23	1.48	0.31	1.08	1.00	0.00	0.00	5.63	0.00	0.00	1.52	0.71
8	0.75	6.06	6.38	0.52	0.00	0.17	0.15	3.06	0.00	0.00	0.00	0.52
9	0.27	3.42	14.08	5.04	0.67	2.04	0.29	1.10	0.00	0.13	4.98	0.79
10	0.58	1.40	5.81	2.77	0.06	1.63	0.19	0.29	0.00	0.00	0.67	0.85

11	0.85	0.00	5.21	0.00	1.13	3.54	0.00	0.10	3.38	0.00	0.00	2.25
12	5.38	0.58	0.00	1.83	0.48	4.88	0.00	0.00	0.63	0.38	0.23	0.23
13	0.71	0.00	1.56	3.21	0.08	0.44	0.29	0.69	0.44	0.00	0.50	7.85
14	1.21	0.00	13.08	0.00	0.25	0.00	0.00	0.60	1.13	1.33	0.23	0.58
15	0.48	0.00	10.65	0.00	0.17	0.29	0.00	1.50	3.69	1.52	0.00	1.29

16	0.15	0.00	13.60	0.00	0.00	0.00	0.00	0.44	2.52	0.38	0.00	2.38
17	0.46	0.00	5.29	0.00	0.10	5.44	0.27	0.00	10.58	1.92	0.00	0.23
18	0.31	0.67	4.50	0.00	0.85	1.17	0.00	0.04	9.27	0.06	0.00	1.73
19	0.40	0.00	0.56	0.00	0.75	1.38	0.00	1.29	0.40	0.94	0.00	0.19
20	0.19	1.15	0.00	0.00	1.17	1.54	0.00	16.75	14.17	0.42	0.00	0.75

21	0.81	0.00	0.00	0.10	1.96	6.38	0.00	15.63	0.00	0.17	0.00	4.90
22	0.00	0.00	0.00	1.44	0.77	1.29	0.00	16.10	0.00	3.96	0.00	9.88
23	1.69	0.33	0.35	0.88	1.10	0.00	0.13	5.92	0.17	0.06	0.00	3.31
24	1.23	0.10	0.42	5.52	0.00	0.00	2.73	4.83	1.38	0.44	0.00	6.00
25	0.00	0.00	3.58	2.02	0.00	0.00	0.21	5.46	2.40	0.00	0.00	1.40

26	2.56	0.00	1.48	0.19	0.00	0.00	0.73	28.56	2.83	0.71	0.00	6.60
27	2.88	1.27	1.42	0.00	0.00	0.00	0.13	4.73	14.15	0.96	0.00	0.88
28	6.27	2.29	0.00	0.38	0.00	0.00	0.00	5.15	14.98	1.40	0.00	0.77
29	2.42		0.00	0.00	0.00	0.00	0.00	0.52	12.21	0.60	0.00	2.44
30	3.94		0.00	0.00	0.00	0.00	0.00	0.52	16.63	0.00	0.00	2.04
31	0.85		0.00		0.00		0.00	0.42		0.00		0.23
-----------------------------------------------------------------------------------------------------
Mean	2.53	1.30	2.97	0.91	1.17	1.04	0.31	4.11	3.70	0.91	0.35	1.98
-----------------------------------------------------------------------------------------------------
Yearly Mean =	1.77
