Kandilli Observatory

                            FLARE INDEX OF SOLAR ACTIVITY

                                      FULL DISK

2015

-----------------------------------------------------------------------------------------------------
Day	Jan 	Feb	Mar	Apr	May	Jun	Jul	Aug	Sep	Oct	Nov	Dec
=====================================================================================================
1	1.35	10.40	2.69	0.00	0.25	0.00	0.08	0.92	0.48	9.02	15.85	1.04
2	1.21	4.00	1.29	0.27	2.69	0.40	5.21	0.00	0.08	4.25	23.40	1.48
3	6.08	9.42	0.94	0.00	4.52	1.79	4.77	0.40	0.00	0.00	7.60	0.06
4	15.73	6.48	3.79	0.00	7.25	2.42	0.60	0.58	0.27	0.00	3.63	1.83
5	15.23	1.33	0.00	0.92	10.65	2.40	5.52	4.58	0.00	0.00	0.23	0.96

6	3.67	2.25	0.21	2.02	5.94	1.56	17.96	3.10	0.00	0.00	3.44	1.04
7	1.58	2.04	0.31	1.31	7.25	0.90	6.10	6.10	0.00	0.27	1.98	0.71
8	0.88	9.75	6.38	0.52	2.73	0.17	0.21	3.35	0.06	0.00	0.00	0.52
9	1.67	5.79	14.08	5.04	5.65	2.75	0.69	1.10	0.00	0.13	4.98	0.79
10	2.06	4.25	5.81	2.77	5.19	2.69	2.54	0.29	0.00	0.00	0.71	0.85

11	7.15	2.35	5.21	1.58	5.38	5.65	3.27	0.42	3.38	0.00	0.08	2.25
12	8.90	2.92	0.00	4.77	4.42	11.40	0.00	0.00	0.63	0.38	0.23	0.23
13	1.10	1.75	1.56	4.06	8.85	5.83	0.81	1.31	0.44	0.00	0.50	8.02
14	1.54	0.42	13.08	0.23	4.19	0.35	0.33	0.60	1.13	1.33	0.23	1.88
15	1.25	0.21	10.65	8.31	2.67	3.98	0.00	1.50	3.69	1.52	0.00	1.29

16	3.65	0.00	13.69	8.69	0.23	4.90	0.00	0.44	4.02	0.38	0.00	2.52
17	0.46	0.42	6.38	1.83	0.17	9.38	0.52	0.00	10.98	1.92	0.10	0.92
18	0.31	2.27	9.40	6.04	1.00	16.69	0.19	0.04	10.79	0.33	0.00	2.92
19	0.40	0.85	3.52	0.00	1.04	5.19	0.00	1.29	0.40	4.08	0.00	0.19
20	0.19	1.71	0.00	9.44	1.38	6.17	0.00	16.75	14.23	0.58	0.25	0.75

21	0.81	0.06	0.00	11.31	2.02	12.69	0.00	15.63	0.00	2.15	0.44	6.58
22	0.00	0.00	0.00	4.48	1.02	4.73	0.04	16.10	0.00	3.96	8.96	11.54
23	1.69	0.33	0.35	4.92	1.79	2.00	0.13	5.92	0.17	0.54	4.56	5.63
24	1.23	0.10	1.17	8.25	0.00	3.40	2.73	4.83	3.08	0.92	0.00	7.73
25	0.00	0.00	3.92	2.27	0.00	0.63	0.21	5.46	2.77	0.25	0.00	1.58

26	2.56	0.00	1.63	0.19	0.52	5.38	0.73	28.56	3.04	0.71	0.00	6.60
27	3.00	1.46	2.38	0.00	0.19	0.00	0.13	4.73	16.73	0.96	0.00	1.02
28	6.75	2.94	8.42	0.38	0.00	0.23	0.00	5.15	16.71	2.00	0.00	0.77
29	6.50		4.00	0.00	0.00	1.65	0.00	0.52	13.38	2.06	1.46	2.44
30	4.65		0.00	0.00	0.00	1.02	0.00	0.52	18.10	2.17	3.31	2.04
31	0.96		0.00		0.40		0.00	0.42		9.15		0.23
-----------------------------------------------------------------------------------------------------
Mean	3.31	2.63	3.90	2.99	2.82	3.88	1.70	4.21	4.15	1.58	2.73	2.47
-----------------------------------------------------------------------------------------------------
Yearly Mean =	3.03
